480
0 54.149447390124 36.76314114777854 0.0
1 47.521815934805666 8.825891903060526 0.0
2 21.769742087984245 81.82451394281892 0.0
3 91.06000587874675 85.27854514101081 0.0
4 15.454530342978998 0.032851061618364596 0.0
5 61.40185512732486 84.22873392383252 0.0
6 76.48710540077259 14.03830066807368 0.0
7 2.7038558539497553 91.72706383467381 0.0
8 62.09142950462789 75.74154849232382 0.0
9 81.4014221383664 55.16877110734888 0.0
10 86.80867194729015 2.467548152353616 0.0
11 88.26573253757226 37.67322553414408 0.0
12 97.46176929194543 87.90796362918758 0.0
13 24.747665908455392 62.74424463155516 0.0
14 64.35492132712542 46.75531378039982 0.0
15 1.6600814029809166 95.93984912992116 0.0
16 0.6671551865386949 92.00021124225701 0.0
17 3.5819378579854053 85.33090557971258 0.0
18 80.65269877551992 88.81172780812412 0.0
19 16.689863237757297 64.63096439615077 0.0
20 77.75205855078316 88.99439894794864 0.0
21 5.10728563600774 37.197411707016904 0.0
22 90.69496582746287 38.245015702507374 0.0
23 95.17465697124646 50.388236544828935 0.0
24 2.8175603651148586 58.870612253823445 0.0
25 46.14660036951362 70.83260130254715 0.0
26 18.18893400204045 39.56926678251077 0.0
27 36.95938129505232 20.882966789199987 0.0
28 90.89948869630042 65.93263691122529 0.0
29 96.61341593720549 21.66150293448566 0.0
30 1.5743837851725702 67.21504419359563 0.0
31 99.78265527289643 18.11866490058126 0.0
32 99.21928736321664 71.63668982224902 0.0
33 2.3689035024170417 98.91509350806757 0.0
34 28.220813653818574 65.6712080803781 0.0
35 30.02554190013545 88.61640051332539 0.0
36 7.991915876850568 32.778138334701374 0.0
37 59.664242873917125 5.1735518247972685 0.0
38 76.78238454973615 47.790974682581265 0.0
39 44.11302871951488 74.46889555944408 0.0
40 42.36390930905058 46.47985574262401 0.0
41 8.886095798039207 46.85073309230786 0.0
42 51.182167844278986 31.527130925457662 0.0
43 6.538113607923625 45.81275740636367 0.0
44 45.62954542181437 59.89638620089769 0.0
45 68.43047059530048 1.992176211865056 0.0
46 71.52395864482479 94.14045244172131 0.0
47 58.13563046706093 38.72627607191998 0.0
48 84.77443811704808 88.04707375205442 0.0
49 10.908763394591212 70.37582853555396 0.0
50 3.936071304286994 38.90992374005389 0.0
51 4.014396258291135 9.34001847305035 0.0
52 28.166051403682392 57.94762955473853 0.0
53 77.5618957422287 39.38700643563458 0.0
54 46.85792635302873 16.356412033180526 0.0
55 4.888062738845075 90.47361282894255 0.0
56 41.06867001929239 80.58143251579618 0.0
57 41.679101415732504 21.023334881460983 0.0
58 17.27466814667313 42.208607447617396 0.0
59 82.3043147146802 58.80161189290711 0.0
60 95.67164178361124 29.151222423220833 0.0
61 16.21875513284917 90.70805360681835 0.0
62 42.73499122651389 86.07574073274081 0.0
63 18.95870350951676 96.35709507788599 0.0
64 19.6312221984563 22.374057257894272 0.0
65 23.46590118167856 47.40645224388621 0.0
66 12.555391306396073 87.3371715969401 0.0
67 15.602436888030258 60.855726371983174 0.0
68 33.267423015468324 66.09856883722924 0.0
69 81.25106764181447 12.897829917183499 0.0
70 96.06254994551485 14.862128950911346 0.0
71 56.600831538678186 35.397960592138844 0.0
72 40.07470000547743 35.701907469500966 0.0
73 93.4805954476369 84.49420467229051 0.0
74 53.04022881763703 91.65567592644719 0.0
75 0.12901734415496557 88.55447348659884 0.0
76 39.267143514879294 70.28535916794887 0.0
77 57.84409827821914 13.239564751925252 0.0
78 62.91534487115986 31.199306387216392 0.0
79 90.34784414417038 97.67047541537268 0.0
80 7.0983986417951535 76.42122250298985 0.0
81 13.26240006750681 62.763010683557596 0.0
82 68.43008916969133 32.801821474927806 0.0
83 66.8158243060791 69.41446594807212 0.0
84 74.59553658861833 27.927346928443058 0.0
85 9.724352567992337 8.738971899860429 0.0
86 86.4334304313403 94.59424239084188 0.0
87 61.63177386189464 2.9138226350578416 0.0
88 3.2467167866175695 89.13676535696834 0.0
89 46.94790649560851 61.51671023778886 0.0
90 80.87539978789314 99.54092267393686 0.0
91 88.91982545134881 13.054342902283679 0.0
92 36.7102396692271 85.92050522453744 0.0
93 47.535641798196316 77.65001296867214 0.0
94 84.18539090581159 27.53210426760037 0.0
95 30.285314635727374 55.99386168362283 0.0
96 61.27201503657141 89.17931450807944 0.0
97 0.9584343276442855 60.48056854278419 0.0
98 39.81765972747889 82.07117449315236 0.0
99 63.80350054266093 96.77218032069973 0.0
100 77.12106870225232 77.26512923529813 0.0
101 83.18715926851638 22.917474948833643 0.0
102 30.545751936751785 56.48723375873664 0.0
103 40.0115710975547 16.248301864001753 0.0
104 80.78528228978823 11.22246135375155 0.0
105 51.86142073682948 58.52203561511413 0.0
106 14.09493649991268 38.29342339144552 0.0
107 55.62266979617782 65.05426738340111 0.0
108 3.146780395993265 66.54221485898235 0.0
109 21.53559547399036 42.90663763174529 0.0
110 96.45003579367388 35.103776403194736 0.0
111 97.98022885465326 50.42678674242869 0.0
112 80.59682647257625 52.58489790282186 0.0
113 56.32906191501727 48.512564302506426 0.0
114 49.25519724855193 3.120753382555238 0.0
115 6.316598459309829 16.427787900329697 0.0
116 34.51262429259426 80.05858638874086 0.0
117 2.7971275430175 32.68740541800116 0.0
118 2.044271102916346 78.55116065372347 0.0
119 93.38300693353021 44.993783429784344 0.0
120 52.19002992452967 99.14550385232242 0.0
121 99.59790442579657 98.24274346284473 0.0
122 28.44387062741282 89.50198189498506 0.0
123 88.71560700091548 49.4630168455867 0.0
124 60.665205016874545 89.63336820271184 0.0
125 6.1820118061267735 1.4450842212007267 0.0
126 89.80814832230219 97.83958334102508 0.0
127 14.615780709614523 80.46988773606463 0.0
128 61.69433147106792 50.31784688339124 0.0
129 90.85981994644494 4.926147375177234 0.0
130 15.056274748075694 49.28598418141026 0.0
131 17.49185605054854 82.76336920215722 0.0
132 45.364087396525754 33.562559448983436 0.0
133 86.50089520772669 35.490627237247516 0.0
134 96.89833325159067 78.25050248416731 0.0
135 31.80651139231052 6.456940390704332 0.0
136 20.37657551722172 88.56302781525208 0.0
137 43.403372943782344 89.3478314280774 0.0
138 74.00226885851484 28.847522601231205 0.0
139 46.83831586644375 82.17113388247733 0.0
140 79.4880497448808 40.53580207173915 0.0
141 13.497369861592292 18.030945078127257 0.0
142 4.132780829161196 97.30224438010113 0.0
143 30.32644110726612 96.2108415300217 0.0
144 6.249097474557114 60.593948143620345 0.0
145 9.00848766845739 54.44616350855111 0.0
146 8.410056522356316 69.4290254346234 0.0
147 59.31862749218925 2.032589917415452 0.0
148 86.66954720727439 21.429303110913256 0.0
149 40.99684134562343 78.8840060138766 0.0
150 79.6338672061918 34.93759576439953 0.0
151 20.473360250940058 67.85199191217376 0.0
152 84.70005632816938 79.28932577039832 0.0
153 4.569195686387595 10.702142718426424 0.0
154 1.969852862597481 40.295579522270806 0.0
155 28.869360385675737 83.28236593108001 0.0
156 49.49252137561077 93.94511360682095 0.0
157 72.92371930389503 56.22596196901885 0.0
158 18.247380599496893 49.002365962799026 0.0
159 62.99301220597014 45.767791455994946 0.0
160 73.00871772301645 4.979790599320157 0.0
161 96.58308019336737 19.83542299514308 0.0
162 16.999553498077667 57.589772817428525 0.0
163 38.93142568118243 29.4056085435306 0.0
164 71.65306678705764 20.37119053126777 0.0
165 12.251989723648046 74.23370647549089 0.0
166 42.666885662424995 40.64510652008833 0.0
167 86.99658917311973 25.50517101832354 0.0
168 65.87450014009289 35.08174653917952 0.0
169 60.2066893610137 8.7548891439167 0.0
170 47.2521406671294 40.05303523910121 0.0
171 46.793408825216495 48.19681572469609 0.0
172 82.3098149905733 50.290052450455875 0.0
173 66.57563764367528 82.38063690669195 0.0
174 70.46270840946137 69.81007720692648 0.0
175 57.6742782825777 16.782981509058786 0.0
176 70.06964744000487 94.42749101726491 0.0
177 98.12044572642054 85.00891878233772 0.0
178 7.8112936742015835 26.943563227259453 0.0
179 9.576628383095308 56.484243285457495 0.0
180 69.3943266436476 84.98340673046687 0.0
181 34.30045328697006 29.077529139575237 0.0
182 79.26480411063147 61.597895786978675 0.0
183 3.839105020305208 48.03129203587459 0.0
184 60.41130588328242 70.69686624819057 0.0
185 38.80116175255914 32.983338422401765 0.0
186 92.29962504802496 61.230929640162124 0.0
187 20.000532397570964 19.636382277915637 0.0
188 89.0086293122252 98.1163540400258 0.0
189 77.13076291731714 46.397534542063035 0.0
190 8.381729941885508 92.38154582791293 0.0
191 26.51519822108257 12.255434034415787 0.0
192 73.2199062720542 37.31954294926733 0.0
193 30.82270518432388 84.23306632923402 0.0
194 87.51056787139423 8.128861690395855 0.0
195 98.95970798133708 58.154583768367985 0.0
196 65.95950226035725 73.9629696910266 0.0
197 66.54018603016489 12.974138575309755 0.0
198 6.370779929290642 33.78075855055455 0.0
199 90.59936640459024 32.59688999028536 0.0
200 97.79846367992172 68.04283697321935 0.0
201 40.51628621953473 22.280331475613387 0.0
202 87.53252745501642 48.32942024711769 0.0
203 32.99837116016396 40.25207452931221 0.0
204 44.62419750107007 84.86440177797925 0.0
205 75.02282323854254 26.658993534124733 0.0
206 88.247060548121 98.27303581316953 0.0
207 6.31109914042071 76.40530086395162 0.0
208 24.059274169134124 35.28916176726596 0.0
209 51.421551275421855 87.00149860946551 0.0
210 84.83628762558575 35.36744100859744 0.0
211 12.059522477687022 85.38579000877205 0.0
212 53.68484883679215 44.821574597472775 0.0
213 47.26177373292325 53.219846177305335 0.0
214 31.65751531230515 76.05774101997767 0.0
215 89.95629204882415 83.65584038882105 0.0
216 13.212420552403545 83.51261685214862 0.0
217 16.3684896711085 53.84754459808928 0.0
218 24.616284382081265 36.3895928365467 0.0
219 62.85019297842806 47.781258521222 0.0
220 70.74483073072777 55.59450822602277 0.0
221 55.52247851048979 14.967315981942047 0.0
222 57.624182417784034 59.658356298861335 0.0
223 18.25596687486615 33.00373908540141 0.0
224 5.297041389986798 30.05950179157638 0.0
225 32.58504791505225 29.78405206173838 0.0
226 56.15654490069124 6.131210440783193 0.0
227 75.61249818869716 81.46898856347852 0.0
228 42.26925142656768 17.594055367738054 0.0
229 6.224132154069236 79.63596559881937 0.0
230 62.957673164702655 42.580146572499515 0.0
231 22.163578368226233 44.25948099515566 0.0
232 82.31735281992894 90.15436157335034 0.0
233 14.791730331359739 19.587800228727442 0.0
234 18.74490164987455 42.899411561978454 0.0
235 15.596105231065268 50.5133616139571 0.0
236 67.62514831587949 37.06832832750298 0.0
237 52.74859854333269 40.29199671055821 0.0
238 14.970188272213473 81.6444003598757 0.0
239 71.26909316384375 47.08759425532369 0.0
240 84.87065977642311 74.9618334681614 0.0
241 66.05552409830435 25.316302372741244 0.0
242 9.709115963936494 5.848018296141493 0.0
243 94.82412010396197 72.20882746116716 0.0
244 48.51884545589066 57.76883881998361 0.0
245 83.18121376721686 33.324778934334105 0.0
246 65.76137449977618 54.29769379882508 0.0
247 59.5237120267163 69.5756631608551 0.0
248 99.68622234194417 2.756575129342921 0.0
249 11.548166100096152 97.02380468771338 0.0
250 99.06510230411351 47.09533704577829 0.0
251 81.81244629049957 42.630250502538686 0.0
252 93.78389954597286 46.91093223486849 0.0
253 74.11946244011112 56.32885151019871 0.0
254 55.591752497249225 95.63874603029792 0.0
255 7.664767107495432 8.164387161658242 0.0
256 97.50694942159082 76.18373036460716 0.0
257 90.6445510514549 30.21479897806252 0.0
258 5.023544055793151 43.43548733289627 0.0
259 39.552305517644285 88.89659150738841 0.0
260 82.91792984325558 28.213994151149954 0.0
261 31.009507296343862 78.90998327050957 0.0
262 98.36454577313837 6.690223919430272 0.0
263 47.21195823140057 37.635382754311145 0.0
264 41.56933973968651 19.13169915347081 0.0
265 15.342696249218006 3.598554558264673 0.0
266 51.10191944080192 72.22311877915172 0.0
267 9.959413799589704 29.72264841473912 0.0
268 3.1023557023165527 67.03690513266285 0.0
269 19.777086937824528 30.8594134502219 0.0
270 40.79004540104266 57.44860791453928 0.0
271 7.7599369862128365 77.29836360653817 0.0
272 44.09240924569256 54.53646152361683 0.0
273 82.1092997826683 41.35656228887308 0.0
274 44.09506241487932 70.79685577049996 0.0
275 93.80390709950515 2.644588688960817 0.0
276 10.051927704748442 68.29798411271373 0.0
277 71.59994367103764 86.70525930453243 0.0
278 26.801488650375006 35.394904787821055 0.0
279 11.250977929492578 53.30577389501506 0.0
280 27.497557011758914 0.5932902791987081 0.0
281 2.1760109880679646 64.50140736831615 0.0
282 36.700318016826486 63.76562059004463 0.0
283 6.776035556631005 23.673206516581512 0.0
284 72.48675021354293 28.639566324451415 0.0
285 33.568403476722416 57.96515654445636 0.0
286 55.26504163754458 3.6811552661308165 0.0
287 77.20437060334781 90.93672874537145 0.0
288 21.48120715268959 59.98604657719605 0.0
289 41.35198191031325 52.29879318753466 0.0
290 83.3837866828988 78.17792486477853 0.0
291 22.829214147473454 67.01084037400923 0.0
292 0.5873676578961567 30.657672303175197 0.0
293 90.04424217539835 33.414826959824374 0.0
294 12.401916902045944 48.5852310379711 0.0
295 37.86915565019641 35.491887171760666 0.0
296 11.43962359977942 82.83335887026196 0.0
297 39.574730332036786 33.15871575338019 0.0
298 18.195277914370624 89.24113899133856 0.0
299 33.08822830476126 56.69435725565495 0.0
300 20.340056898827008 70.53905592699587 0.0
301 78.9990329372938 19.94696559617138 0.0
302 31.118025063954374 36.195849396762384 0.0
303 69.02931545356915 96.59531499656772 0.0
304 19.196759608092837 63.499990060230296 0.0
305 23.51833756733979 16.28159635124505 0.0
306 98.98356950438956 12.709141765478106 0.0
307 67.24871173664351 69.74382557377675 0.0
308 12.308170522746538 95.09466322122367 0.0
309 15.180421635506026 66.0138195124292 0.0
310 94.07806117989794 90.05652718453771 0.0
311 98.7908993894132 41.092642644167455 0.0
312 69.09429156333253 78.85902891744402 0.0
313 25.155920347779773 41.82832706453315 0.0
314 88.52329347429746 4.980270702000779 0.0
315 37.823633716513385 17.86862189355335 0.0
316 65.59879571361975 91.89734410690481 0.0
317 76.38875252006001 11.977692720327788 0.0
318 93.99838253041925 68.35980991961361 0.0
319 82.46337195488717 7.196093786836558 0.0
320 92.88451839620333 47.74322267338691 0.0
321 54.114611210804476 70.0576287215191 0.0
322 62.266960624967986 78.01785391463461 0.0
323 31.425346641160647 50.627958796328194 0.0
324 96.79534872816888 84.68768941639831 0.0
325 13.739704562676529 51.77312886098984 0.0
326 21.19553880223756 48.529808833022244 0.0
327 57.78083457783887 50.81831908367083 0.0
328 42.74562073827124 69.23020988994837 0.0
329 53.28763662217796 93.15789162784935 0.0
330 34.35249047036886 32.10095917895574 0.0
331 88.18806864718306 41.56663344989285 0.0
332 86.82001525236808 68.61125523293894 0.0
333 55.38473889124665 20.91251109800491 0.0
334 15.478189814706555 63.965529194599725 0.0
335 18.04754622172651 51.1912161055955 0.0
336 17.629507567150313 86.6152442440198 0.0
337 38.47934968745444 60.152414452042855 0.0
338 18.57419467562548 92.90833018453814 0.0
339 66.73350332280425 26.2371454808555 0.0
340 15.251893077305256 79.20189294913341 0.0
341 65.83600591714232 59.90589132605998 0.0
342 70.11312667245016 42.652245454173936 0.0
343 87.03032574262524 14.500971796033253 0.0
344 40.25212483043287 10.8591752172691 0.0
345 30.846940116302225 72.76993171827307 0.0
346 94.14248410026116 59.65641114409742 0.0
347 56.54512438636329 18.81973585490532 0.0
348 73.68367898679368 5.285212348449356 0.0
349 15.598861819998474 10.923332439035331 0.0
350 54.489750771519475 64.96746132018058 0.0
351 44.060236178176986 24.75547356487535 0.0
352 67.71041239068258 73.62542212853877 0.0
353 45.95946761166278 39.186445222437605 0.0
354 51.01133867197234 39.44830435351502 0.0
355 15.084711144002187 41.12969467581155 0.0
356 16.482217124587965 61.30702188457237 0.0
357 1.9338327874327117 3.1421344193108878 0.0
358 0.9806632681848233 75.8888303059361 0.0
359 2.794450069852022 80.65964095936512 0.0
360 28.135763041107193 52.563360787596665 0.0
361 31.77325355927191 34.86973785554936 0.0
362 93.42122828122152 87.99857238509645 0.0
363 47.049859833531755 47.43190921063218 0.0
364 14.307083398615392 16.33324564798827 0.0
365 45.1788826929033 15.254701792156135 0.0
366 59.34137243945698 62.62423453026932 0.0
367 45.131017753812024 29.144696933860395 0.0
368 33.40804819064934 76.77289476338305 0.0
369 11.780656854657966 76.7518586483579 0.0
370 4.492527156230216 96.35177299750725 0.0
371 71.55492105830609 63.67942609661688 0.0
372 85.884016884119 54.406704128905936 0.0
373 8.200010482815237 32.18459063782853 0.0
374 90.51695483012473 26.984480191586506 0.0
375 43.844598761584635 52.99591734282923 0.0
376 75.61175724278081 29.975122997626617 0.0
377 41.487695881729785 72.04258392374865 0.0
378 29.349647756613642 52.369438880033954 0.0
379 48.52475580826037 71.29057243875549 0.0
380 52.607240203807876 30.17724967673019 0.0
381 9.229359748777574 47.804838887369755 0.0
382 11.78421367516652 36.4918882270655 0.0
383 56.73741029673905 37.53871481477975 0.0
384 58.098335953876855 69.58382615869297 0.0
385 41.205812940277944 99.46836499786548 0.0
386 82.84150830555242 88.71659282357491 0.0
387 62.72130551270418 28.01667336407572 0.0
388 6.170143035305799 10.090972810123402 0.0
389 92.01798550980122 59.16966550335324 0.0
390 43.96870752259397 97.27940790298297 0.0
391 69.83690709537252 39.02034700148614 0.0
392 74.4145641452412 49.90484184241513 0.0
393 80.79807181266077 46.596002390009616 0.0
394 0.3781815430956249 48.2183699423785 0.0
395 68.15764533052192 45.11716872442535 0.0
396 36.75888453899839 23.543329145902504 0.0
397 47.989909442921174 76.93903755895377 0.0
398 10.711032193410714 74.64451320496616 0.0
399 21.370365087342556 16.636469657450867 0.0
400 28.161924057456908 15.087675282869409 0.0
401 34.313419664000136 54.93297400570494 0.0
402 29.09355924392143 16.825234515810592 0.0
403 32.68375341836658 5.918958287841827 0.0
404 9.156723564385084 0.27024277202644675 0.0
405 48.297195616039964 16.79758337309024 0.0
406 30.54982487214179 5.914256289867992 0.0
407 59.807999453323326 70.20141917163541 0.0
408 7.332335370419321 57.471423752573955 0.0
409 78.2645183552564 94.68414484858867 0.0
410 53.04418266005577 66.08211988701905 0.0
411 65.99553480653985 93.98380471272819 0.0
412 14.157426398927784 91.79728708772741 0.0
413 32.30216347929136 41.92100612277277 0.0
414 37.954467138284635 45.165777671522456 0.0
415 24.06855141242746 68.70654761464743 0.0
416 93.88711126128229 57.96612928871156 0.0
417 94.83750992259584 49.308545903881644 0.0
418 39.45751081384747 52.082158078119356 0.0
419 74.39296637275137 76.45571385891921 0.0
420 15.687411063953522 94.21649499872885 0.0
421 65.01250673891498 9.961202957169709 0.0
422 76.26327707263894 35.70989721181502 0.0
423 35.29540198990521 51.88334284978081 0.0
424 22.014413733573324 86.59191973179136 0.0
425 25.20855482174902 65.6027072125704 0.0
426 5.429882075626301 38.99784506893091 0.0
427 5.3421462384061185 21.118077048863704 0.0
428 38.78047075561168 2.3130265623752866 0.0
429 95.0932338476316 92.39925075968759 0.0
430 60.993307324417415 31.086016991316598 0.0
431 45.13991409926328 43.782619526915404 0.0
432 45.10418029834019 23.929143750188725 0.0
433 31.05410906493966 71.70481816392882 0.0
434 90.88331026080512 53.42431373306663 0.0
435 5.959048575488235 11.288066987476652 0.0
436 18.889540206852814 60.51991148838791 0.0
437 91.58933366134075 30.085033865104993 0.0
438 18.244478766994497 16.28081105322482 0.0
439 91.26409724401422 83.27932052167216 0.0
440 27.94104682237279 55.43211163874223 0.0
441 96.15157755260388 60.4939015579576 0.0
442 6.813791244268388 49.46555008526623 0.0
443 14.846473815265496 46.676841048438156 0.0
444 60.763775008370494 67.12017871208663 0.0
445 67.76520077721513 81.46902348596932 0.0
446 45.73992146712902 51.87935855875451 0.0
447 13.95844609685986 96.54100360303407 0.0
448 75.28469822592521 96.63108024104149 0.0
449 90.32278756031522 11.270815071710945 0.0
450 76.35872828455933 79.37253155227886 0.0
451 23.866788818997858 58.56477608644104 0.0
452 11.749029389695023 91.74606030719673 0.0
453 33.04050462542464 37.24692813548126 0.0
454 63.06697003567119 74.61714538424856 0.0
455 97.36630055171892 93.17219999701727 0.0
456 49.4055703942542 88.29868099867372 0.0
457 98.18710571335569 77.14960997436972 0.0
458 37.805149884998066 63.144038034910125 0.0
459 10.67928567680727 33.13510558202275 0.0
460 58.87793927105177 18.304965955047816 0.0
461 32.326353945368695 12.664703224604594 0.0
462 91.87830224999567 84.87205581796573 0.0
463 47.932923797944824 83.5189948553037 0.0
464 50.99345486376932 7.192697920011609 0.0
465 80.81995434808618 48.33408574180106 0.0
466 84.84226815199297 84.36056346822309 0.0
467 99.33957687357265 28.989730183578118 0.0
468 89.73643459691345 22.926049339204575 0.0
469 27.659675528004854 14.35461463746646 0.0
470 51.39919497312884 51.5355769885372 0.0
471 49.67308608883919 0.9778177193396342 0.0
472 12.092987770066006 29.922391088296994 0.0
473 38.52713378742944 53.72811433463561 0.0
474 61.23395524224544 79.4376180554418 0.0
475 60.58198304342957 47.031299267032274 0.0
476 39.84090910868515 73.70324657668579 0.0
477 81.43414534242575 91.06252406197889 0.0
478 19.059928185791218 29.422864976544588 0.0
479 85.64546607583287 92.85542850561352 0.0