1150
0 91.32680015371234 11.239837150439609 0.0
1 35.50571212965681 3.156223373491853 0.0
2 17.109437954085948 67.24158297702596 0.0
3 68.63320534446599 64.13809452262437 0.0
4 89.39098751052471 72.76042120390082 0.0
5 55.071757767144184 74.60979747566591 0.0
6 11.154102549198296 93.0130055496767 0.0
7 42.59469890945074 12.17739075594184 0.0
8 48.39977089862276 95.23253773543462 0.0
9 44.11897264732293 78.51587837973418 0.0
10 33.64442922526923 31.59796926367882 0.0
11 55.048564608761 65.30887436820318 0.0
12 1.4066008121423967 93.60155324687348 0.0
13 30.39802295335063 54.62505424311962 0.0
14 85.47677478257931 3.9892072749537775 0.0
15 51.49409916196626 87.44824286179666 0.0
16 9.811679625767999 33.82928213305136 0.0
17 88.21630732482947 76.05206338107801 0.0
18 82.38456027695007 96.54144583027576 0.0
19 27.737409583941762 59.136005199984105 0.0
20 59.70046145442184 43.803338057860664 0.0
21 71.32738030074228 73.42457547497676 0.0
22 39.59864610753853 75.74199665816171 0.0
23 32.19663854410842 74.17871363401815 0.0
24 90.43518008701301 13.514290596301883 0.0
25 61.78327081668928 4.0102526436823265 0.0
26 29.201562343870556 76.0383082028207 0.0
27 76.62338293161119 40.247377359168475 0.0
28 56.99825474490871 97.182988946606 0.0
29 78.20013228109886 91.32584600709643 0.0
30 98.01230580382206 19.73095381510207 0.0
31 43.02466968218796 7.513316421085617 0.0
32 1.5826626452830985 42.300317930414714 0.0
33 7.84859839288825 81.55486760413359 0.0
34 79.09258800046747 26.332465802633457 0.0
35 27.771840349107972 92.09770437737438 0.0
36 31.300287869157255 15.24259786628816 0.0
37 13.039198565021856 52.34461295969702 0.0
38 41.08545214289184 63.91001841840104 0.0
39 15.270425530901745 9.295707653186575 0.0
40 61.58425547556475 19.263513778237343 0.0
41 36.764916276689114 43.22905640222259 0.0
42 68.8472866921966 36.94825030921229 0.0
43 96.31252800130397 3.308648215470223 0.0
44 6.085788285946531 69.93466180962062 0.0
45 14.161419447331122 13.362127117484432 0.0
46 59.70066465721234 87.03541701543132 0.0
47 77.0443960137669 22.754617566249205 0.0
48 51.38418871732551 75.19406890274628 0.0
49 59.043433589452405 79.58466971314598 0.0
50 34.793848164958476 83.39824828583639 0.0
51 43.65226347500148 43.215579189339735 0.0
52 58.29913374153012 59.36448444447589 0.0
53 61.05771975550076 0.7296900454894283 0.0
54 49.408436669689806 97.86470621291143 0.0
55 14.504849008571465 4.300347631882372 0.0
56 95.07745046689075 29.8421221219008 0.0
57 95.16869798191897 10.80376793305918 0.0
58 85.22344626780624 20.96419465946251 0.0
59 10.559884352692954 32.280551691366746 0.0
60 91.14663412377396 19.23470314708493 0.0
61 55.23739589864708 11.135720126340766 0.0
62 88.27346094565138 93.80798166825744 0.0
63 13.125503780638903 32.64308120593049 0.0
64 91.60100296733056 52.63575372190611 0.0
65 42.77350340368852 67.51573879922181 0.0
66 9.656206877699413 8.789259153798275 0.0
67 69.26112120157741 72.45677380788483 0.0
68 29.404088704796354 1.94968642628434 0.0
69 4.323240500418205 53.499292397047554 0.0
70 31.707956719979855 47.87744169244711 0.0
71 3.5720138013723006 49.56381447160131 0.0
72 83.92873248971179 60.94139923356862 0.0
73 86.84764145899847 4.668160119039801 0.0
74 42.31959255810224 25.269630366330034 0.0
75 74.30558626262898 88.47087322640347 0.0
76 25.256797024442445 29.732877161058333 0.0
77 60.04300738273396 94.08965535614918 0.0
78 66.33584216638853 23.569667491131916 0.0
79 71.17696211313137 52.17935615321299 0.0
80 93.55651490071327 90.42121333312026 0.0
81 97.04616698612568 54.23009476795737 0.0
82 76.62625342151262 65.07706440573753 0.0
83 5.7191553439964915 81.14691321165061 0.0
84 52.554392000773504 77.2571359290367 0.0
85 68.70374686810322 4.759286286861386 0.0
86 22.75896474146038 30.2488124450689 0.0
87 12.317154893565862 96.71063244449094 0.0
88 23.456231312491397 31.147381521545565 0.0
89 94.3963088106597 54.555658473497395 0.0
90 44.39334416915573 6.9866429696761605 0.0
91 62.03986284130653 19.853704979640057 0.0
92 33.25031416671617 45.38341888203802 0.0
93 53.02420760560101 9.553283718468727 0.0
94 23.088956910412353 11.237009291262135 0.0
95 64.3561842282307 71.37366086087412 0.0
96 76.71350015700854 6.754693514024911 0.0
97 92.37099831094052 57.07529874383732 0.0
98 37.454443883821796 40.82275080366888 0.0
99 11.319204424655233 69.63803689138959 0.0
100 98.66757971029237 95.96065598748011 0.0
101 37.529581820859896 65.04788429389477 0.0
102 47.47262165887034 23.45670336858387 0.0
103 37.496423593547895 39.377867936621406 0.0
104 51.86423463098416 57.60895219165154 0.0
105 10.384833642259164 70.59934286061942 0.0
106 95.9452820486641 57.156711272826264 0.0
107 95.5492859385956 50.14112592354963 0.0
108 70.87394171097883 27.085494534853527 0.0
109 16.20742639277941 0.9611650037027982 0.0
110 30.675830054986744 2.482826466150708 0.0
111 60.37164858650658 82.54266561532303 0.0
112 84.6279497777192 57.905796459068696 0.0
113 77.25104460168639 3.908981264280276 0.0
114 32.64042982560271 40.282260878217244 0.0
115 21.93149894982359 5.3682198752999755 0.0
116 66.01593182165725 57.991409601391865 0.0
117 14.338634940248234 31.731337162534704 0.0
118 66.9258812606317 82.68951091516423 0.0
119 5.73705203418441 26.424682693052887 0.0
120 48.770738129665816 70.80665037307068 0.0
121 9.737442078850085 55.2785824797806 0.0
122 92.88574590455009 38.95204631934729 0.0
123 59.788259425893365 83.37074120118612 0.0
124 83.80193194796271 25.323092545955586 0.0
125 35.96335597411794 26.668217121564847 0.0
126 17.606364219514578 12.844976485130573 0.0
127 56.826466802981514 40.56359731304439 0.0
128 74.84134116297967 78.28986910439266 0.0
129 64.26987152061224 77.43398714429827 0.0
130 60.391808396722936 44.403058991449946 0.0
131 8.738195561386148 20.98895566253313 0.0
132 72.64954337977916 42.49363749609451 0.0
133 83.59471694596745 75.30926651404805 0.0
134 1.1571968506769168 57.57088340067851 0.0
135 12.556928619458116 54.9867609973084 0.0
136 46.476586099594115 22.47951082794219 0.0
137 10.34840364029148 44.266318555119184 0.0
138 52.43653734804 62.092128615768935 0.0
139 23.846198950170166 48.617352510685166 0.0
140 8.974075415189802 93.44404828992634 0.0
141 7.472767638268436 46.7733287393749 0.0
142 3.4850010539614438 21.41396679306952 0.0
143 33.027505781972515 65.11786784405496 0.0
144 34.39430384912568 17.415752790691972 0.0
145 15.739871473929583 74.9681294723773 0.0
146 65.79364391861778 53.23151098940379 0.0
147 5.562868835983883 67.39168437477606 0.0
148 59.407738914992734 82.65324215085265 0.0
149 28.41085494774719 60.232444015128834 0.0
150 80.8009830459333 12.387779400802277 0.0
151 32.25610210337841 64.87820784980379 0.0
152 50.319065916614996 49.481618899386184 0.0
153 77.88787015197113 65.83716493162443 0.0
154 26.168486176354325 72.60238984951744 0.0
155 1.64719331888472 7.280664683654564 0.0
156 43.173708620275775 89.36724508240755 0.0
157 11.770553233369615 9.682733550517801 0.0
158 58.62433363911191 33.90398318301866 0.0
159 26.647924632226598 2.5623824795461676 0.0
160 67.62463823449202 66.47671055451133 0.0
161 74.25814175675461 24.835509151841265 0.0
162 81.4187414193155 8.910348020843218 0.0
163 85.38965172321254 76.49348218582676 0.0
164 12.152473521271299 24.413387389256012 0.0
165 87.80401334888656 90.43545824086678 0.0
166 63.187440237725994 56.4997383070368 0.0
167 39.78618796178644 51.97362907433409 0.0
168 91.34143003320435 82.70430457264568 0.0
169 6.558193494574531 26.74407959912327 0.0
170 13.581957294609007 78.84146499098759 0.0
171 18.826572044295258 22.699015861295507 0.0
172 5.572747213423932 80.73935902545723 0.0
173 84.32469706435506 2.4199665498428584 0.0
174 67.4648093705518 68.83528454156352 0.0
175 14.97260620268604 42.313876325697834 0.0
176 32.960991809696445 8.086473492807432 0.0
177 86.2909603240148 58.11038425686596 0.0
178 90.66499497006566 97.83373700467608 0.0
179 38.248793999009536 90.08524525167928 0.0
180 55.02888972537968 48.7986017205819 0.0
181 63.76656975116191 11.285065167164374 0.0
182 59.773492439785386 9.549154377726442 0.0
183 28.093483152295853 65.0633694021172 0.0
184 42.09749932449058 74.57487519215401 0.0
185 67.87645825901787 72.29646416775925 0.0
186 76.32448825478002 75.90039352507121 0.0
187 95.05650153687243 1.537100851468099 0.0
188 31.531672375203794 24.124173683338096 0.0
189 9.989196150700659 64.98129535151132 0.0
190 59.289059852695786 35.84193938403873 0.0
191 38.83390225323828 7.000321811723534 0.0
192 77.76055236181979 90.7590037601911 0.0
193 88.19975008853116 37.06667810942221 0.0
194 48.84071091001374 26.54218601820613 0.0
195 56.80672957799897 21.837797211104743 0.0
196 64.60376294094976 78.82950693289828 0.0
197 17.581256403796417 32.275181361370294 0.0
198 78.99806158777515 79.5318462396421 0.0
199 15.569212114946481 40.804495742790444 0.0
200 54.90374658611947 15.135437329639936 0.0
201 75.65380764266197 31.453305485414162 0.0
202 82.47695255709439 30.83808564028323 0.0
203 22.939304909434938 40.47517747936634 0.0
204 87.63518699019941 16.840378669525066 0.0
205 1.0605201567610374 89.89762725436528 0.0
206 13.014432701343187 61.229277224391026 0.0
207 58.07796205338873 60.609019121256125 0.0
208 36.9149000644909 40.19048003559666 0.0
209 18.47423002344522 6.944686403541957 0.0
210 40.348279853575015 40.32604884421219 0.0
211 56.26584582510992 61.70204663639274 0.0
212 48.5508519819147 29.78573700069212 0.0
213 37.578580895150445 99.66148375056324 0.0
214 81.98863741736749 26.67443020889401 0.0
215 2.029272914215886 23.2982471140601 0.0
216 49.374301539316384 79.24430694734886 0.0
217 77.7651220764368 84.76821100059804 0.0
218 7.233210798479497 43.06183715778386 0.0
219 40.65542448433046 42.575969310278836 0.0
220 94.85295265625314 49.94071830085752 0.0
221 81.51443160933265 16.842747679442443 0.0
222 98.8821412000583 30.023148025609494 0.0
223 96.74969659614497 28.322088442491346 0.0
224 46.31433976822666 94.53198912829602 0.0
225 49.869085530636895 37.833328249694034 0.0
226 50.63270146235681 69.08798711161758 0.0
227 2.963491780042308 51.911831682015176 0.0
228 49.040012051881476 7.374486017585012 0.0
229 20.88422431864718 32.372940850810394 0.0
230 79.7053045550126 37.82083580731955 0.0
231 68.32029664159923 91.91352621970272 0.0
232 84.84541196519325 75.06263023321219 0.0
233 5.9929309169697484 53.68010353898145 0.0
234 39.36104732865209 86.86585757125043 0.0
235 52.47852362272381 57.75623140119073 0.0
236 63.292281038981 35.58708849460991 0.0
237 36.36332487530604 55.87091163993141 0.0
238 85.57844154703697 32.81932248910602 0.0
239 49.12873977617368 10.19097059624123 0.0
240 26.159152471576576 75.67035857248634 0.0
241 4.796907308627552 42.8246503775354 0.0
242 44.37557368875379 69.98991847471633 0.0
243 73.29521865307244 6.053068142219309 0.0
244 20.072185561833237 75.30676592717667 0.0
245 84.42918062698106 94.25240486172528 0.0
246 61.121966152905266 50.38184119151417 0.0
247 62.47564690388769 14.774621403065627 0.0
248 73.73558219099182 83.42446270212125 0.0
249 98.16555236187774 65.7468874959225 0.0
250 29.05780044555343 68.76340386981042 0.0
251 37.725533658295355 35.80465777762677 0.0
252 46.62453214829303 6.6114049539879085 0.0
253 72.43850475655088 52.9112154476302 0.0
254 78.60969664409635 38.92788618435448 0.0
255 24.196584938774524 23.644652443604425 0.0
256 65.35363566389307 83.90428998292894 0.0
257 81.25117220564488 22.096759879910906 0.0
258 46.23826976047335 58.47420855083683 0.0
259 70.03527019531495 30.960453791375148 0.0
260 65.8730765922034 86.97493866901371 0.0
261 67.11013927335361 26.540271497735272 0.0
262 75.29840161050382 4.421219285339986 0.0
263 45.57494643156604 44.933941546643 0.0
264 36.23546623704886 76.4856258269481 0.0
265 15.621810548051908 58.32577803031483 0.0
266 14.419818818536243 72.42428803632896 0.0
267 19.514780385391997 78.01440546829235 0.0
268 25.69260244220744 43.27602125750963 0.0
269 27.38727277236518 52.857153699605995 0.0
270 20.253870026878943 79.29142415067024 0.0
271 50.56190495396002 9.925316361239737 0.0
272 63.326721617554675 46.651758213903285 0.0
273 63.016515965339295 81.94069753835736 0.0
274 49.202870127647984 86.76840740906661 0.0
275 69.68965221746228 51.46352515960735 0.0
276 54.52246548438072 28.642735094331456 0.0
277 86.12484382339376 33.289214246997 0.0
278 58.693867047947904 99.11289116623074 0.0
279 31.821227245566497 37.80084862385887 0.0
280 38.89752765683628 91.79116421218767 0.0
281 17.295621697808706 49.728270968258855 0.0
282 62.270890001907695 60.43653270714944 0.0
283 16.749178233260942 45.14254222830156 0.0
284 75.69766631432643 3.9913579304287348 0.0
285 46.76819543813712 37.312778035650744 0.0
286 4.733827364395922 48.43144042732637 0.0
287 38.40277002567089 38.830471417116954 0.0
288 48.554220110718234 9.722917690311851 0.0
289 58.47784633609139 42.62772039048962 0.0
290 24.716705792613443 79.48790189024803 0.0
291 78.90592051648595 78.62025408782529 0.0
292 16.087703061350037 17.312575315461366 0.0
293 17.45945586028911 19.28895358547563 0.0
294 62.66641333702091 43.47656846782497 0.0
295 0.3915220722199473 57.86900766001803 0.0
296 65.18738799625099 37.5106829634309 0.0
297 34.56380623195347 70.69167861040144 0.0
298 25.758652506938304 21.613570435069054 0.0
299 59.8053058825727 66.97758707496281 0.0
300 83.02479194555056 12.39445088169662 0.0
301 86.37618117764747 62.07144148763491 0.0
302 60.678595104839616 67.60934912257702 0.0
303 19.84722803055786 54.15445051391067 0.0
304 44.417989586008865 47.18086235539455 0.0
305 44.538774130664805 40.47844780177201 0.0
306 45.54835971556385 69.90738505142492 0.0
307 11.082582483490778 34.13553434938855 0.0
308 3.522072855812922 57.433724366550116 0.0
309 9.828605620667057 94.37001276240285 0.0
310 2.1573692321615714 44.485139917481675 0.0
311 37.248549695446265 48.77751258716917 0.0
312 61.09955830307718 76.91016142244963 0.0
313 52.5016086391426 53.91938834912435 0.0
314 53.393262308375135 30.3528647695866 0.0
315 43.12119742402467 88.08131546724368 0.0
316 97.89713229695316 21.983873290734817 0.0
317 37.5346476243662 50.69674400839447 0.0
318 22.15391971267433 93.6934494908031 0.0
319 35.411878599068025 94.01069832391396 0.0
320 18.21483622633281 13.223400448593281 0.0
321 24.20524085456352 43.51903934880176 0.0
322 39.092788561744264 5.847298103763882 0.0
323 59.47422478656364 89.18442650564975 0.0
324 66.07721738572477 49.99913285479847 0.0
325 42.049713187071774 54.70883269529793 0.0
326 92.11832567025152 93.50390310706342 0.0
327 98.66110776854649 4.77096906737893 0.0
328 99.63195281347339 93.76270405990581 0.0
329 32.579903491532164 14.784875618897829 0.0
330 62.03324722671826 68.88861771936097 0.0
331 51.531865561632785 73.34252680369134 0.0
332 69.78352577629938 65.29864894359173 0.0
333 81.84045084048685 57.937841034422355 0.0
334 13.913861575398082 15.558711308696893 0.0
335 62.816127675749094 42.665654880421386 0.0
336 39.70398818524341 64.14777052572673 0.0
337 46.783471418339545 32.23528982015866 0.0
338 96.74407945568684 62.41337972040238 0.0
339 63.46750629111482 93.87020567154902 0.0
340 68.4272959009957 94.69091662731945 0.0
341 1.9207809064806804 82.42092480166215 0.0
342 30.91266419517951 88.6499581826065 0.0
343 73.09168400091319 15.073773761132275 0.0
344 21.883324387024746 15.78596364650561 0.0
345 47.58670123281465 62.37510285673584 0.0
346 1.4298707465478016 81.54958981312315 0.0
347 84.34048888963268 38.90396208149211 0.0
348 91.57969459403218 34.949566027110095 0.0
349 98.07437983861712 97.41415551697462 0.0
350 18.310191293379575 78.11875267956317 0.0
351 54.5775705923258 78.45071048754819 0.0
352 15.288893657684199 60.35847547283147 0.0
353 25.886570131708858 28.28946183241682 0.0
354 87.94967751907633 8.097148603061548 0.0
355 9.180885612632954 85.44854710876596 0.0
356 60.11004473832892 31.920376562143325 0.0
357 45.93243416438851 41.408278346486355 0.0
358 20.30302471964826 30.499656582313765 0.0
359 52.47893443051351 92.83031443057526 0.0
360 58.68664780573669 90.42802834433272 0.0
361 21.111148026519874 42.501231867539715 0.0
362 91.9845661419567 51.121476897355144 0.0
363 7.203979351395453 57.90435962004848 0.0
364 83.27772625370714 59.07879293773948 0.0
365 5.506449093111663 94.9572549545324 0.0
366 49.94027763844997 85.30482941074865 0.0
367 74.4651397222627 16.68687787817401 0.0
368 38.143176015836175 64.36549902083561 0.0
369 78.54418720824887 84.68187557934361 0.0
370 20.749420239345522 17.61601601436203 0.0
371 42.71012692418768 44.47174784352276 0.0
372 80.22185547560125 9.259171128730884 0.0
373 4.6736945287177045 51.376565551004084 0.0
374 37.714045453817846 45.85125862766535 0.0
375 46.264989192234125 18.954371166013573 0.0
376 71.52876896769962 97.45673665897239 0.0
377 18.313376839122835 94.35448406823734 0.0
378 43.01593890784802 87.44084698522646 0.0
379 61.742108368536975 60.86654136707938 0.0
380 22.21761208507896 91.88897524944501 0.0
381 42.82051411866197 15.989136391483303 0.0
382 22.94545565879435 4.273999391764521 0.0
383 17.662064134234534 77.47615209773883 0.0
384 50.5777267956767 85.33026481000708 0.0
385 0.3732291415712645 9.349164275593097 0.0
386 88.00729104799272 31.761268768244868 0.0
387 35.100799817995885 53.851403871884834 0.0
388 54.0497967590006 87.64792714986994 0.0
389 7.26587502544611 37.603315221530316 0.0
390 96.54170343770556 57.80721424373463 0.0
391 1.680666785949401 0.6698689612164676 0.0
392 82.73156333433779 87.19277419322204 0.0
393 76.01122318625798 25.53517400541565 0.0
394 12.85460135967611 70.41106614477867 0.0
395 51.05444771274293 62.14848174896929 0.0
396 81.35126588551154 9.409129830965167 0.0
397 7.614696817138851 44.69129256473851 0.0
398 46.42709089360342 29.79726097471401 0.0
399 50.00615021705838 39.85015443460419 0.0
400 58.795522463086286 79.90224226618248 0.0
401 81.47820054507038 32.355278430283875 0.0
402 67.83421084820961 4.343017892292602 0.0
403 31.728388853090316 13.797606883387875 0.0
404 28.371110858516737 79.72125063164462 0.0
405 80.10998224283209 70.64119422373219 0.0
406 7.487643417246976 67.99525506075008 0.0
407 22.17046864020636 10.69735404526738 0.0
408 42.982170674981724 39.21289208609315 0.0
409 30.083234724396096 45.868725205893384 0.0
410 97.86809489005968 3.322731132841886 0.0
411 33.165584671934624 91.87077068471721 0.0
412 23.708975850057453 38.69085446906921 0.0
413 11.252177682586103 15.034712446394487 0.0
414 18.584212646807547 1.397093167247617 0.0
415 20.18737220623047 49.88171343047425 0.0
416 15.072164746330845 94.73890638745202 0.0
417 66.76122705669098 69.60889905125575 0.0
418 16.757332161828142 3.5074333444412873 0.0
419 1.3813302118984931 48.784356915076856 0.0
420 91.32246440279852 43.467506208516674 0.0
421 25.147990543099798 22.160467081337334 0.0
422 12.488713843707076 75.06727152474872 0.0
423 63.64481644466758 94.12633973864631 0.0
424 99.42423373794685 15.014185492108323 0.0
425 41.71846668465444 94.69557140226406 0.0
426 29.204835084622502 94.22894662029141 0.0
427 62.71588951631212 9.244708314396973 0.0
428 69.49138904949068 78.5044150445369 0.0
429 85.03659165728364 65.72874558438362 0.0
430 80.01098676144693 34.77913278769511 0.0
431 91.80938598320775 3.0021540064135435 0.0
432 9.60092992570727 82.949246208945 0.0
433 31.70789873211753 23.742971745261624 0.0
434 33.447241934757095 43.64194135295547 0.0
435 27.357183734845034 61.41925819232821 0.0
436 26.865724264731817 85.09509365119358 0.0
437 23.807656631964207 17.055100609718334 0.0
438 41.136797528289776 33.636493920027874 0.0
439 66.69950803239279 60.09287366205199 0.0
440 99.09925411624305 60.79293193510015 0.0
441 98.0182709938747 29.845986585707767 0.0
442 46.39721537148959 12.13513740267996 0.0
443 89.59913935025907 31.19154679750458 0.0
444 29.272304405045546 91.51427187605992 0.0
445 35.20307911955266 59.0873675577435 0.0
446 28.861761933650918 6.6824749563308945 0.0
447 40.421712057448296 75.38055681366613 0.0
448 80.50515658296453 73.73204478127089 0.0
449 31.50032448433015 21.035226856798225 0.0
450 97.34029837958215 36.825355641878474 0.0
451 86.75261642069655 30.809307636334015 0.0
452 34.498220029694565 69.6700949984704 0.0
453 57.17035976337643 27.3756817161 0.0
454 80.70536370173423 24.059113171320895 0.0
455 32.05424485745381 16.814057901914342 0.0
456 1.9908072275138184 4.973261565988576 0.0
457 50.14878287660534 76.61619264451328 0.0
458 43.45260264166805 3.6406961115397247 0.0
459 74.51548334722249 18.56476131082609 0.0
460 54.136477166692096 68.08278527210493 0.0
461 86.45858222390936 80.57906274445291 0.0
462 20.192066718622964 12.62443796038224 0.0
463 2.025299428253353 56.44688043394697 0.0
464 63.27447430349122 30.88427215510795 0.0
465 96.74338325660449 80.30537853469129 0.0
466 19.892728854183606 94.93552606796626 0.0
467 13.261754538669106 84.84732862352767 0.0
468 52.0393321983699 87.68795367848908 0.0
469 64.90577422974344 87.97931196696763 0.0
470 38.38086985201223 39.3473104364086 0.0
471 72.68555198564547 2.5899333107801117 0.0
472 94.47521210192544 65.93548254496551 0.0
473 87.05597229650488 77.36613059760626 0.0
474 10.412236334239138 77.22996611817501 0.0
475 37.4919974306966 21.34448142790732 0.0
476 3.539455608285828 31.795496899936023 0.0
477 18.71650891861023 38.08694365077575 0.0
478 41.36771378867745 80.21384580281988 0.0
479 52.96587842301944 97.59415173606511 0.0
480 15.307112207459323 87.75289459576108 0.0
481 30.347214995224817 58.62936624953241 0.0
482 56.09888171552555 77.37667894114716 0.0
483 16.00466250894656 72.36259266333619 0.0
484 26.274405181414203 70.99817165452312 0.0
485 34.793248856378916 53.154037417260135 0.0
486 15.288301487998233 91.69430282531155 0.0
487 34.834500944420796 72.75891933878357 0.0
488 62.551019288213155 97.40212112730832 0.0
489 98.35158522231848 40.3902447227986 0.0
490 95.56758891974037 20.971039487267717 0.0
491 4.5932406472918474 30.73607778437149 0.0
492 14.440436496745212 43.33548720146467 0.0
493 63.69930142770635 17.646998518693614 0.0
494 6.427813426615035 50.19645123760214 0.0
495 74.86418840364232 49.34860378621252 0.0
496 0.894158517569149 22.485405724633356 0.0
497 7.317903597217704 96.3816571076589 0.0
498 63.54427446816438 27.593703869834012 0.0
499 54.14630929414417 26.292052094503347 0.0
500 82.1869292755772 60.31466112243532 0.0
501 59.39319516386944 21.20116291386543 0.0
502 88.49637039969856 19.98697537156861 0.0
503 21.20770804003448 72.72912905752277 0.0
504 58.62780328591176 62.254442799345725 0.0
505 73.64300000241728 50.74117579084529 0.0
506 90.56934985118073 52.635357922885746 0.0
507 88.33209907837144 96.48357204180301 0.0
508 52.88107377237909 36.52587471451764 0.0
509 1.4855081131804913 28.535577573713205 0.0
510 46.028466797711914 83.53674067991497 0.0
511 66.40496826292164 50.96821738890872 0.0
512 89.17028269700641 19.60096734150637 0.0
513 95.68428665112971 32.5347655945537 0.0
514 48.24900031385862 79.82209244919912 0.0
515 38.77549121519377 26.730918023748874 0.0
516 81.69526462812892 47.64457212326834 0.0
517 64.75521051294052 15.482111763775176 0.0
518 40.96167061868667 80.82256654676947 0.0
519 39.84568802712846 1.9831335983912841 0.0
520 6.7734420107974715 94.18570086282847 0.0
521 85.73458845777095 57.57511482985034 0.0
522 72.86947610999245 96.85133871784824 0.0
523 20.607584071447853 38.534844765969105 0.0
524 29.45883344751873 75.23687478798827 0.0
525 53.42137151673086 74.72520826010113 0.0
526 64.4223431728972 81.9697545097687 0.0
527 14.192768257734608 45.84449213461183 0.0
528 54.290652603323764 55.4709993255024 0.0
529 36.488731185819006 29.587646427506552 0.0
530 51.0880736359143 10.082434085630156 0.0
531 52.02943619152439 49.279558063875584 0.0
532 41.27884302410883 0.5236112735426406 0.0
533 84.33053235321881 60.591744609882014 0.0
534 86.19210302298191 19.37154273277155 0.0
535 49.175721256975166 96.13801511222745 0.0
536 89.84376274051522 18.20324913579205 0.0
537 25.525468813520778 36.62840756837054 0.0
538 37.93245624713884 63.244020759195266 0.0
539 38.86085201597144 87.54328270976008 0.0
540 80.42118596502912 32.56244621940487 0.0
541 27.280095161184896 39.417022661367795 0.0
542 33.73049929852625 52.7336815796871 0.0
543 83.70617262139558 80.48446724966092 0.0
544 4.125502472928386 12.639443372961722 0.0
545 91.16761609516762 91.46713296452134 0.0
546 61.4189257523427 90.55997325443805 0.0
547 75.26055943932202 98.83561163691219 0.0
548 44.1533064363717 27.555904557766425 0.0
549 50.931630918905746 32.49652229560918 0.0
550 92.03388051058057 20.90560521101519 0.0
551 49.266784733118136 1.4333993449691973 0.0
552 40.252692776132285 23.873591679037748 0.0
553 14.689858959444654 61.70050106522538 0.0
554 16.546607564860455 42.863065218852235 0.0
555 36.95719522840908 49.56263911024674 0.0
556 81.96850053218931 86.04000122395901 0.0
557 14.033418845027605 41.14470914430487 0.0
558 20.168303750133035 98.62963240837283 0.0
559 1.3954645361053686 51.636069308101874 0.0
560 74.2471217901306 57.78008671789231 0.0
561 6.105509093626248 58.229614223269145 0.0
562 32.25009144618983 99.62876298697581 0.0
563 43.122709003538006 68.1241561695033 0.0
564 64.6240951310073 39.215920782003934 0.0
565 97.55145590901839 90.75669710185183 0.0
566 11.107170419416617 92.87533357886483 0.0
567 76.42893913984798 41.753955057872595 0.0
568 84.06712029849542 3.022155626041614 0.0
569 42.51083804323872 72.65264078710192 0.0
570 7.22805232702871 77.44347031615919 0.0
571 87.43046808149421 48.76490943492487 0.0
572 66.58340655152217 99.32886830360215 0.0
573 69.90243970945457 26.408287154467015 0.0
574 98.9371503427782 69.02557148234455 0.0
575 6.581876214581089 37.18020163737018 0.0
576 59.189245105785695 63.48876344667714 0.0
577 14.68604130907468 91.5718385373069 0.0
578 78.9593137176778 51.095111886923796 0.0
579 11.009480182614972 18.042035382029734 0.0
580 5.03976031222319 50.63515770983441 0.0
581 96.20055266604552 8.205075512829573 0.0
582 1.173824423106276 66.57632069021344 0.0
583 63.03146635426994 15.03443984935969 0.0
584 71.88520428341143 88.56276052157529 0.0
585 3.6214522950723067 65.82355568318401 0.0
586 81.37926118258287 61.75651132200406 0.0
587 85.6516555203863 91.8721298529677 0.0
588 17.62202322890121 15.1396092412734 0.0
589 27.569333680427317 96.04824008934207 0.0
590 7.805769233016527 71.60904247156834 0.0
591 66.34833431171813 62.038083977439264 0.0
592 13.764293669427511 3.717133381860189 0.0
593 1.590270607165514 45.35091346152894 0.0
594 19.299008654350573 16.90497510293807 0.0
595 78.09936987079577 32.52605980862982 0.0
596 54.170210476033965 60.44398403682228 0.0
597 5.511470539518757 90.3543089583789 0.0
598 25.392951081113193 61.498352480793116 0.0
599 40.181865088214 15.856587544327178 0.0
600 29.544070694872538 3.106714135973398 0.0
601 37.813691820962404 79.65358467905838 0.0
602 52.5319526295404 3.6629300862782372 0.0
603 85.47454537083954 61.68348601230354 0.0
604 35.9593151257227 48.77967175123139 0.0
605 19.0555210535462 53.430411947098634 0.0
606 60.319136909975924 71.76114390499563 0.0
607 9.377458831894605 31.822309795611094 0.0
608 29.896177398708293 69.27514165209818 0.0
609 98.81017852822252 18.300446663283306 0.0
610 83.93817760977757 5.866675157274578 0.0
611 76.23409571989232 89.63024913103244 0.0
612 82.7085864090252 13.27628673543636 0.0
613 39.26233256983264 17.924124161956378 0.0
614 77.15206968897314 61.82580406682248 0.0
615 73.26924223058604 75.5068192670043 0.0
616 63.32469802018552 98.73153901048126 0.0
617 57.535522269778255 41.29495969160919 0.0
618 62.92852097347532 80.48428848384644 0.0
619 21.40132908305552 14.919018127649158 0.0
620 65.04910614931755 52.33421073353733 0.0
621 6.768278602079144 34.77510045377646 0.0
622 28.611405138274243 38.35944473022884 0.0
623 22.10208833659783 71.41201632037442 0.0
624 64.49046026620003 41.44991204466098 0.0
625 1.4505186157051568 54.94828335541163 0.0
626 71.34788527622959 23.799041046144733 0.0
627 22.763811379517414 27.216977342954756 0.0
628 61.159964919201975 84.49524507042544 0.0
629 9.773966386462625 6.059659322717558 0.0
630 28.349313301115124 96.4661878442176 0.0
631 38.176776881472364 31.529733362665908 0.0
632 40.97588472196123 31.310036780955993 0.0
633 68.26226243470438 29.286002029526063 0.0
634 93.1089886882463 63.41772232794714 0.0
635 95.85132262078695 55.779589626583956 0.0
636 46.294228705978036 46.7751379045663 0.0
637 57.7830813944317 70.55273388646398 0.0
638 74.99606626920492 32.01551945098673 0.0
639 58.74324852954279 86.46744567114777 0.0
640 38.99197380480277 69.4345639795913 0.0
641 52.641356770405814 99.54017863817661 0.0
642 92.32839329994479 26.146628527238466 0.0
643 52.24580390638864 17.54929293848271 0.0
644 62.84612913509417 90.15589512461226 0.0
645 17.73297626145385 25.207144368155852 0.0
646 28.86140069436767 56.89725591049825 0.0
647 53.69894366434237 46.83775087008951 0.0
648 99.31673594185125 13.12185453064496 0.0
649 56.81918045300321 74.5991054862664 0.0
650 54.83269429321718 1.5363243323392308 0.0
651 81.96214533934337 66.58248261675703 0.0
652 29.844857770730975 67.98243401540223 0.0
653 14.700069746156899 36.19460297804488 0.0
654 54.938487972072224 10.364308854758951 0.0
655 2.6335744823688394 12.961277864390606 0.0
656 74.84499696942898 20.74982597384494 0.0
657 54.67802494013194 16.705630875197397 0.0
658 70.60582273633129 80.6905270890232 0.0
659 80.3165392908079 1.682130500476413 0.0
660 95.37295415426172 18.3866662851526 0.0
661 10.65959743044072 37.507157372733076 0.0
662 9.182707415186334 67.24814667655677 0.0
663 39.12693785387668 65.09264494931304 0.0
664 65.65431888712492 71.7572631706515 0.0
665 9.943438052053262 90.58831596924992 0.0
666 13.00315518934905 0.8141245130016124 0.0
667 17.96769497591854 90.67833166482761 0.0
668 97.03155070388611 40.78436170013643 0.0
669 18.286462780612435 11.025098025231873 0.0
670 62.714444804676035 41.212403795096826 0.0
671 70.45960988713954 39.080799252611556 0.0
672 87.25619004031614 76.21411344579366 0.0
673 21.289609965261487 53.65910827668052 0.0
674 67.24433397540152 19.187571742487734 0.0
675 33.259903976982216 3.5912286977054304 0.0
676 96.88562332523 73.0990794188811 0.0
677 79.47298205215621 18.44388279527047 0.0
678 65.63893547316844 69.1702936978745 0.0
679 97.95630167506827 86.86155679017807 0.0
680 34.57625078050437 62.444940798866014 0.0
681 89.69642249531829 86.17312970770824 0.0
682 24.930205943191666 35.051691137437196 0.0
683 98.54419087251456 3.482035310302989 0.0
684 8.79786236492358 65.93738688020748 0.0
685 8.554843918027391 16.152757777909574 0.0
686 79.3688047311872 88.60112250096844 0.0
687 73.59023354479464 73.08666533252809 0.0
688 11.765535373245251 23.306427395936755 0.0
689 91.44118379976858 63.75179558991481 0.0
690 3.4294113198749048 35.60637931831284 0.0
691 6.901945148958369 39.79532593794852 0.0
692 24.694361408103017 41.47413897230471 0.0
693 47.736188811319295 57.269073902589824 0.0
694 64.4123953448605 21.663826285587863 0.0
695 80.37021624487299 78.43254759040968 0.0
696 23.23996178863806 80.65400477580623 0.0
697 12.3934952762496 14.08925896728384 0.0
698 90.19316297238746 11.825150437667006 0.0
699 23.039364656888605 69.22293405981951 0.0
700 15.133110881018997 1.0670072495937333 0.0
701 64.79293897815442 46.22680325625061 0.0
702 70.3905731648815 84.00172152188719 0.0
703 75.42670613893503 9.214839934493872 0.0
704 50.4135968641829 12.933880225388714 0.0
705 2.875786827881287 63.758716519001716 0.0
706 64.8154949719141 65.71155818579437 0.0
707 41.20245310033994 22.856013300809796 0.0
708 80.19446762175025 23.021973246954644 0.0
709 36.74459150159994 35.971383008575415 0.0
710 84.84231755215528 92.8585223067881 0.0
711 57.663259488181005 38.8882048086028 0.0
712 22.879268660770588 75.03135188240435 0.0
713 89.83697091606038 61.867152083079766 0.0
714 6.018606159870599 88.42581037206415 0.0
715 59.022773549387054 45.55947941160574 0.0
716 69.63391595816013 8.983518973038713 0.0
717 86.26252553931899 20.98719567796532 0.0
718 66.10248292986606 61.36792213401332 0.0
719 70.77863409367929 2.2132125154007767 0.0
720 70.47988755076136 26.940493414685175 0.0
721 10.577528770781463 87.64758560475423 0.0
722 14.872458534218845 0.8241629500646008 0.0
723 84.78497680657662 49.7789071433424 0.0
724 63.42147912379153 21.914357217394052 0.0
725 85.87038785519556 40.65787350289248 0.0
726 22.34455770654811 46.39765904516244 0.0
727 40.99540485976439 6.474774898767953 0.0
728 42.430167638685404 38.31935487728601 0.0
729 3.15737141037289 47.902557394456224 0.0
730 36.39236655251879 45.61750473605745 0.0
731 37.279268177628616 90.8061242682896 0.0
732 47.91174088690313 78.22237029378532 0.0
733 79.52021998668465 33.21199371643021 0.0
734 17.196550600754428 72.47587564587559 0.0
735 57.78134873300616 76.09625257099033 0.0
736 27.766571399169617 62.251170795774165 0.0
737 8.756275992695127 67.6835290857541 0.0
738 56.49965472995611 48.900197540097246 0.0
739 8.3355713711792 23.735294860778158 0.0
740 20.128072551133634 23.969259779943474 0.0
741 36.03807797770884 2.183940797225044 0.0
742 50.83767684466249 67.2768919785477 0.0
743 39.5786569416859 83.33264788012033 0.0
744 52.626290083418986 96.72924899395242 0.0
745 62.69339143788357 23.399404765721403 0.0
746 77.7194735145904 15.893199063367161 0.0
747 79.73084419831147 60.72405544481692 0.0
748 40.05619669342174 33.330940190285695 0.0
749 66.83452612180726 31.817023597572547 0.0
750 74.02986352631682 79.68289536830984 0.0
751 12.259919377794297 27.25696237542992 0.0
752 12.100764740247781 23.752034265116833 0.0
753 85.6816988048578 17.3560093925469 0.0
754 92.99686186770064 14.983506789367018 0.0
755 99.07395282451645 7.817941078999876 0.0
756 88.13037074957165 69.2349526433814 0.0
757 89.08186931495915 59.700498886331985 0.0
758 60.533690074514055 20.390221186587233 0.0
759 87.63385067048303 58.85482481301265 0.0
760 8.493123250638387 28.239051343582563 0.0
761 80.70835087796507 30.370127542584033 0.0
762 40.22585898445903 37.05809651258911 0.0
763 26.25783168115268 90.34433461108833 0.0
764 60.37706694564607 48.60572024021161 0.0
765 91.21143819149196 97.01002885777353 0.0
766 44.682137645034445 15.181334888265884 0.0
767 93.60986868723737 6.386830413799808 0.0
768 94.78675928409724 59.118659984228124 0.0
769 77.00299232403238 25.427378932693713 0.0
770 14.598055303072698 24.501360449942887 0.0
771 23.757894429577487 29.626476038589583 0.0
772 25.561633195379788 13.79559997216095 0.0
773 18.23962321365763 14.94748325797697 0.0
774 61.479682193826044 58.2455255864208 0.0
775 70.26716759195023 43.34019997825761 0.0
776 60.33591232503676 35.6126925137289 0.0
777 84.99625760544656 7.118549335329447 0.0
778 33.354046335652015 73.3626404245569 0.0
779 27.971292104294754 2.3655350162461324 0.0
780 12.053303754717067 95.94010183762643 0.0
781 22.116681156806425 14.203500362282519 0.0
782 66.0016341112068 96.496793096079 0.0
783 91.87010333644571 90.31443664874887 0.0
784 93.28084579468742 41.70893813262983 0.0
785 56.875484312735026 7.800385053508073 0.0
786 18.802044108963287 33.6475757475517 0.0
787 80.84121438296505 29.051217048092035 0.0
788 24.608107350808993 73.15728229440745 0.0
789 93.19988369907709 15.089806189891865 0.0
790 34.891355549051966 67.33189596477611 0.0
791 58.099803189334494 68.72766079131571 0.0
792 19.932848320516104 64.26469803988665 0.0
793 66.07249456370232 5.9185412400785795 0.0
794 83.88089815976434 8.509303947752155 0.0
795 66.94857323804403 28.585711588807342 0.0
796 40.12113894403919 48.64988372303906 0.0
797 95.45286397740807 6.8577305557635135 0.0
798 89.02278314071191 11.23497413835198 0.0
799 84.74444598802827 22.475272294978748 0.0
800 35.36129048683791 37.32080873081023 0.0
801 22.504041143352786 62.07102457249214 0.0
802 27.3588373547202 94.66866733092945 0.0
803 62.55306170335851 37.048098650560654 0.0
804 7.304221483655019 86.27032343629496 0.0
805 31.264190948346172 38.94693588009296 0.0
806 11.804629728585905 32.58717723205221 0.0
807 60.16812988017505 95.4072059239164 0.0
808 44.16511716331702 13.68105722403539 0.0
809 25.266604282598998 17.329866624396786 0.0
810 28.25331757089063 99.2021802211829 0.0
811 8.752875812596919 32.904245915063655 0.0
812 33.07452802419025 94.61672282406649 0.0
813 80.3870355226138 86.90909121444874 0.0
814 12.169454786255217 18.43439688913695 0.0
815 17.50712698736933 83.35172446145603 0.0
816 18.379650967267246 83.00409240324825 0.0
817 30.95011570038834 63.26300250142356 0.0
818 38.83700038413092 77.80618504138393 0.0
819 48.183898954394515 91.12905695733228 0.0
820 62.99135657697884 57.9803865408151 0.0
821 18.66216560433076 28.654643404832186 0.0
822 2.9308301451742613 86.04594705963616 0.0
823 3.18973664982948 61.062213622706594 0.0
824 63.35807927296747 75.33396150332332 0.0
825 72.64287217183501 89.13324122066776 0.0
826 96.84398131532207 95.34847895577518 0.0
827 39.60861019463576 20.298915121709026 0.0
828 56.3650490442052 64.8912848921853 0.0
829 0.906645452295337 98.01668870862322 0.0
830 19.884934467632156 74.04801076495562 0.0
831 33.53619673588768 60.65137845523025 0.0
832 34.95308615089485 42.46564177739801 0.0
833 35.14892775037338 99.65026835766345 0.0
834 79.17502878804282 14.195151600046307 0.0
835 73.52232081829591 88.66625161823983 0.0
836 10.173389368917151 49.27251650283979 0.0
837 6.35116422392173 45.810422672141705 0.0
838 85.54594007818636 7.790277714130823 0.0
839 8.622631841929831 95.25116255351818 0.0
840 38.334433568894354 9.850759093225255 0.0
841 84.74487273750644 8.149141892563083 0.0
842 19.793938288165712 90.03472239331016 0.0
843 49.09236971018366 3.6390731417916173 0.0
844 76.0287387114479 71.82106188164116 0.0
845 46.282504498279756 68.20601397985921 0.0
846 17.070618521617824 35.59570102347284 0.0
847 3.6809981447005704 4.354848136185595 0.0
848 26.370999122591485 95.87195200650622 0.0
849 37.57080010731066 88.79249204765156 0.0
850 94.24171155535198 28.42133899406151 0.0
851 83.6230097593379 30.063675981548087 0.0
852 29.817026643227827 16.14621164458884 0.0
853 12.743551437966042 3.655834662122332 0.0
854 49.63861514644372 67.50741515482167 0.0
855 32.349765577640824 22.295185401138422 0.0
856 39.64419161593248 4.6413730999378755 0.0
857 78.97618475976903 67.88202249777738 0.0
858 82.09153831123945 50.17256282003755 0.0
859 83.84201754424447 21.651057550629577 0.0
860 85.32107901910264 5.132020800661774 0.0
861 47.485991022736584 4.7539208486048175 0.0
862 85.91132914126888 18.11990678570633 0.0
863 74.73672793907491 73.85913334895059 0.0
864 98.23456683059186 48.62052727134634 0.0
865 50.70957219139538 7.416181773458906 0.0
866 32.42722522599152 71.17879199238405 0.0
867 9.748334257504423 30.775958171113516 0.0
868 82.85229845371971 18.66128914478018 0.0
869 56.331464279800215 95.20355794463073 0.0
870 37.49489603708336 15.425097235333741 0.0
871 8.353698719910655 0.9608019818096728 0.0
872 20.902673349124292 80.24228136302375 0.0
873 5.380534911585758 68.15335054276888 0.0
874 37.467839683897985 85.59147301179519 0.0
875 62.93756742448918 12.349514013382574 0.0
876 66.56241587438163 48.92872086333433 0.0
877 79.19774715598507 87.63099947927992 0.0
878 95.44061800112935 69.99686158955075 0.0
879 48.47728307512649 90.59020403382975 0.0
880 3.8175822642669135 78.4333293882533 0.0
881 17.101000933646677 99.80267722021915 0.0
882 91.6180711306005 33.1202102898347 0.0
883 11.894877026719527 98.8062087671665 0.0
884 80.83373037498109 26.83117739806964 0.0
885 89.36027584383454 98.95127750805642 0.0
886 56.65575172634067 50.52013026350183 0.0
887 96.51736248425976 79.81948241938542 0.0
888 82.89247543523211 58.628264117819214 0.0
889 67.8050061797709 0.4337644014743831 0.0
890 86.28790277761892 47.45240123297981 0.0
891 11.091171631877675 87.4689586345786 0.0
892 63.1706570582905 38.3703442753454 0.0
893 32.95934431970932 29.298402394626017 0.0
894 66.69045409798059 7.88588322845757 0.0
895 42.680368517518936 29.14417767819763 0.0
896 85.109283884822 93.08348834168635 0.0
897 58.83673629200123 72.39634865523482 0.0
898 92.32434759432853 16.41086296000102 0.0
899 93.81002262289262 80.67273669336602 0.0
900 17.08952625222691 93.6703139103319 0.0
901 44.30165684217882 4.270756671823006 0.0
902 50.584705031566926 11.476889321382842 0.0
903 14.516966912524998 47.339319722607755 0.0
904 63.53903443452131 40.02524481347006 0.0
905 78.21465692314702 59.41254054013347 0.0
906 16.26741079158205 95.93226160754152 0.0
907 35.54078932923741 93.06722074630864 0.0
908 62.70847773602796 62.01114243500831 0.0
909 94.97457478738478 0.7425841095329899 0.0
910 34.09496076090563 74.83854991860402 0.0
911 8.661343747481169 66.81350428618143 0.0
912 52.81360879700401 94.52311834055796 0.0
913 66.180246636632 56.19945212503955 0.0
914 68.9323794561938 72.96381450861509 0.0
915 60.202491643866445 69.13199794169245 0.0
916 49.043413596421814 4.368837585868231 0.0
917 49.13829007107171 42.50381496161186 0.0
918 50.396124886243676 14.070765983169055 0.0
919 71.95951586822211 72.47928081218005 0.0
920 96.33236304630334 29.899764555282797 0.0
921 90.643900777252 63.920220540392016 0.0
922 0.9461307798628781 90.53982627557903 0.0
923 2.444424134566382 71.36304585905391 0.0
924 74.7427092300587 70.89253103394333 0.0
925 2.732805771456085 15.964992044447891 0.0
926 73.3587668207406 89.31296944955291 0.0
927 85.9256782689284 69.43084055524598 0.0
928 3.143100426775258 95.43297911454461 0.0
929 28.678114036693245 83.12144024765584 0.0
930 85.7002193263423 81.12718991944013 0.0
931 0.21489468572917758 96.4997978912835 0.0
932 40.69603438136316 76.45795099495213 0.0
933 32.52883632879988 31.788231729975987 0.0
934 36.3468050901434 71.8662218343909 0.0
935 9.95262069903044 86.56506871612756 0.0
936 14.322782730663226 75.69743305656895 0.0
937 98.64145881574785 87.3130910394519 0.0
938 3.2246629375342613 93.08523608739104 0.0
939 16.5126612504858 41.03487140956135 0.0
940 65.99640710622197 43.10053898477852 0.0
941 73.61859312292897 95.3137278721229 0.0
942 9.286765284533345 11.54840165117917 0.0
943 45.635773017772124 36.046983138907436 0.0
944 56.752925504019174 34.463276510251575 0.0
945 35.53837603694541 6.092051615239182 0.0
946 95.17514310741986 97.64909997167469 0.0
947 96.75039644543038 19.64328682718242 0.0
948 38.006864847271636 52.09167623518288 0.0
949 20.295037919561942 81.54467375746945 0.0
950 23.488262287659033 64.88746554021382 0.0
951 49.321741165280116 13.131425258993314 0.0
952 43.437191975019125 21.833100348735293 0.0
953 56.96591035308586 44.99352272191392 0.0
954 93.60587649370748 93.21873558014073 0.0
955 40.635802028451245 46.98951793037026 0.0
956 61.2320707936065 98.63611866827286 0.0
957 86.85330708114549 61.37055507619723 0.0
958 11.876490501415029 52.590479905946424 0.0
959 40.03543125235393 38.8898075841845 0.0
960 25.91181589622477 34.28502251628785 0.0
961 69.27016827269813 61.40074007583965 0.0
962 69.2972862012187 13.3114497058812 0.0
963 71.77919694518476 24.18849409975784 0.0
964 29.421568250680664 80.43610100267736 0.0
965 82.4640993928931 59.161223576522794 0.0
966 78.26037486300154 55.63671947998994 0.0
967 26.200119446299542 11.702392728055347 0.0
968 8.020543417292945 10.226156651128633 0.0
969 96.50898414813716 6.999588205757102 0.0
970 24.652638042539277 95.50048985953377 0.0
971 66.42088499403177 21.664816073159756 0.0
972 56.93777298150553 25.182085640398256 0.0
973 8.618159898908628 80.16398812835845 0.0
974 5.994622903866169 99.83343413326622 0.0
975 44.05451854463462 51.79562895280726 0.0
976 75.69044823757109 7.845502279374272 0.0
977 28.925332853173305 82.25398662919643 0.0
978 42.185597632491906 19.62051935112529 0.0
979 54.90166521797826 2.293406237813672 0.0
980 86.28218922730917 82.26118707381977 0.0
981 96.1758318142631 87.80324356948529 0.0
982 74.2429448721816 76.76677570630267 0.0
983 18.448583507111568 5.460929761173366 0.0
984 7.8044229774607325 3.041137146037078 0.0
985 32.59254219217814 0.9399081917423973 0.0
986 56.98438300766884 55.30219827877458 0.0
987 69.88205595930357 56.872031701389766 0.0
988 31.96713528191243 81.14143872114637 0.0
989 70.54732417276084 54.58268472171449 0.0
990 9.22480004289896 42.13974325142338 0.0
991 82.13720930753212 22.87491550121128 0.0
992 91.49790164420337 80.2447454041056 0.0
993 55.823574884516525 7.033280702566744 0.0
994 22.05420915012665 54.45461230707537 0.0
995 17.47310165915801 27.984328038455388 0.0
996 56.1312112530726 19.718016865040045 0.0
997 78.79101972634616 8.00510021752059 0.0
998 35.90318151172289 41.60723106550132 0.0
999 6.009512727569971 55.53626665140135 0.0
1000 32.06209664974925 26.437018265807747 0.0
1001 68.64914806107454 24.599783950331226 0.0
1002 17.156673039017864 73.93031002271007 0.0
1003 67.23642875912799 50.82155428220259 0.0
1004 48.967641075844845 69.04105128261729 0.0
1005 19.689389720125675 45.74097495162049 0.0
1006 64.13348423083575 30.29312004438241 0.0
1007 25.35198726496424 4.192103678513545 0.0
1008 43.5934864538812 15.937181699222048 0.0
1009 11.395124548287992 10.91994768031349 0.0
1010 68.7915815280061 63.00530576429991 0.0
1011 83.78021731519827 95.23177331411505 0.0
1012 47.94152593205489 27.07215260319516 0.0
1013 36.10066374153593 21.854906152423172 0.0
1014 71.811371261862 74.23647814042609 0.0
1015 95.92933519786534 37.355658535282295 0.0
1016 24.35405710145261 32.39058982833051 0.0
1017 79.00714629061632 27.330485958989538 0.0
1018 84.66509293944333 45.83299240707167 0.0
1019 57.87344365776325 78.63626077546493 0.0
1020 89.56660909774054 12.835803269928602 0.0
1021 33.30578077391315 72.76182609024936 0.0
1022 50.7186441958535 64.37552900677684 0.0
1023 83.98128006969708 35.740754696788755 0.0
1024 4.199130370655522 39.436103151916605 0.0
1025 90.97539046777416 89.16818723707297 0.0
1026 60.035114307320185 59.10016681639218 0.0
1027 26.39955919743231 47.78268945825624 0.0
1028 76.6805537485218 91.02031590696737 0.0
1029 3.2300571351257386 23.925357338365007 0.0
1030 79.80138358704973 13.882251242696542 0.0
1031 25.312209471380935 41.4322866731079 0.0
1032 44.531005131705726 38.80134055999242 0.0
1033 29.121737849062566 15.942252803287168 0.0
1034 65.50809926000771 45.487579873636044 0.0
1035 66.59039000504997 66.51015486862825 0.0
1036 71.08801209949027 19.46006130231928 0.0
1037 4.968903381114926 61.237340135126466 0.0
1038 20.343166295206288 62.29977223454945 0.0
1039 69.03311990289691 94.78659712230346 0.0
1040 36.75335837041703 44.38291507919056 0.0
1041 65.86467185374359 61.28399708217244 0.0
1042 22.035264003225077 42.260175417451855 0.0
1043 55.33025266892728 96.88585540180927 0.0
1044 70.05335028933695 85.02618178119484 0.0
1045 63.37909563423707 7.433895160938767 0.0
1046 95.18606762449272 42.80087684054041 0.0
1047 90.30881050806182 31.121576693964347 0.0
1048 91.59186987755307 71.89738270026736 0.0
1049 4.271210565550799 20.762248322179957 0.0
1050 53.5895641859257 66.01410312910012 0.0
1051 79.11765424898657 67.57770404494578 0.0
1052 0.2851724167366029 30.016259879841662 0.0
1053 34.13412846592563 94.46291220699575 0.0
1054 68.36335628926162 65.68998010116468 0.0
1055 10.416062298428738 84.17424860436215 0.0
1056 99.07446916996305 20.99128192607462 0.0
1057 87.77328354313757 2.1011251663620585 0.0
1058 22.28671560762556 85.17514135850374 0.0
1059 55.70279982268699 54.62123577428451 0.0
1060 78.61673968348401 60.61937378032721 0.0
1061 45.08860350647858 26.428554503576265 0.0
1062 0.7496250933936836 19.82375528255083 0.0
1063 32.0039105038377 21.370734658313165 0.0
1064 46.155664684877316 60.99712863389628 0.0
1065 63.31125827703889 8.205482136634277 0.0
1066 13.954965300287492 16.016460712656503 0.0
1067 60.42385116170624 12.381349228530066 0.0
1068 64.65396078887801 51.30785312489652 0.0
1069 46.770844174384415 63.73063576623851 0.0
1070 99.40892211967143 85.75607692674734 0.0
1071 35.53051866605284 38.029632707945815 0.0
1072 75.86264156873551 57.39735985432262 0.0
1073 70.84701614286416 24.36165574632415 0.0
1074 32.588599895741496 43.09163178276203 0.0
1075 37.0712156222175 8.965225533765953 0.0
1076 9.732847145806756 70.5482772379733 0.0
1077 17.89464880741248 95.36173118123793 0.0
1078 45.11710431359191 99.99954843184543 0.0
1079 53.80728364869399 33.05515684937727 0.0
1080 64.06804349155401 9.644962635490705 0.0
1081 86.19467931291031 70.55777093813904 0.0
1082 89.802281013208 55.60284416616969 0.0
1083 76.20358348534882 49.99459823571595 0.0
1084 40.07383735622794 22.162947000450544 0.0
1085 64.82409539707197 1.125941655353396 0.0
1086 63.37720013242152 64.70493853277564 0.0
1087 49.823243264934504 88.51494430230449 0.0
1088 25.68072105723351 52.815658396054666 0.0
1089 84.63658761589781 36.4647853720041 0.0
1090 24.208845709554748 3.4803442157756312 0.0
1091 66.1329253556462 94.85901191233901 0.0
1092 23.20047196258636 21.481305657259675 0.0
1093 89.57061598950389 34.72501561915238 0.0
1094 19.53496058985046 7.914698612767786 0.0
1095 62.95308679426773 40.413735855199924 0.0
1096 98.6924901989406 47.68768121807874 0.0
1097 69.62698668557658 6.9775809030256175 0.0
1098 26.136477284055353 99.42795305781245 0.0
1099 59.74051075320352 28.32677006176962 0.0
1100 99.87688234568655 53.13526426535001 0.0
1101 20.16536329535149 2.3759755227789636 0.0
1102 94.39593157006756 6.7096600995007005 0.0
1103 43.83408379707862 93.53435925890055 0.0
1104 72.74434919524528 73.03968975426689 0.0
1105 26.133214383732717 33.15004804290163 0.0
1106 6.956940454914296 63.109109003737466 0.0
1107 5.588474946469871 59.78499253651121 0.0
1108 29.82876533767814 6.4786101127446605 0.0
1109 44.48001811676607 49.65737413959756 0.0
1110 31.476956520439305 17.565507093688772 0.0
1111 58.078417082504586 7.256301259227135 0.0
1112 21.13048292416599 78.10805785538994 0.0
1113 83.23097092588934 29.45955049172368 0.0
1114 19.570262670261723 40.86793292074013 0.0
1115 78.57503231913985 86.78663756167795 0.0
1116 32.28132801387955 17.52065175909676 0.0
1117 8.988153916858177 61.2794137136137 0.0
1118 81.90841543301165 62.84012233821859 0.0
1119 40.37622240298065 64.0982372267472 0.0
1120 9.112092397431383 79.91108642434912 0.0
1121 17.329332547570086 48.635187592167874 0.0
1122 88.22483903504897 55.371869739154086 0.0
1123 59.13911396752573 74.51928485773111 0.0
1124 6.062054950919346 97.81186287503442 0.0
1125 41.630341363476084 18.77978522302579 0.0
1126 83.24211878390986 92.25163797668186 0.0
1127 12.563955161102243 79.86126821866185 0.0
1128 43.411658881458635 23.843175669199518 0.0
1129 92.42132473913625 33.7936021701054 0.0
1130 18.143608644944255 36.16813306988822 0.0
1131 3.257986719480998 17.77660721539037 0.0
1132 5.319157552372251 34.00028008560417 0.0
1133 40.69481418268203 3.446913330277992 0.0
1134 83.50569253899164 88.86334690147798 0.0
1135 83.43377139415244 14.260671134070327 0.0
1136 13.940339435511978 45.72898261176546 0.0
1137 3.3618011147698312 79.77590074327713 0.0
1138 58.22270618273438 10.787780327874676 0.0
1139 55.17394579674417 81.23483585648125 0.0
1140 5.662664171523203 66.14093402932347 0.0
1141 34.289461784063235 46.88433329846491 0.0
1142 92.31586969369788 99.71096093032799 0.0
1143 92.68707174041462 3.000165986741513 0.0
1144 0.7737826004329833 23.498084007280543 0.0
1145 18.42935358660566 90.005609780665 0.0
1146 31.80833053840501 98.57089107529714 0.0
1147 63.22640207996024 90.81020411238116 0.0
1148 27.299351189003495 98.04063221371837 0.0
1149 52.61008162270164 64.74865524554045 0.0